[Data]
Frequency_MHz = 969.150000    
VGA1_dB = 19.000000    
Plot_mult = 0.000152
FFT_size = 401.000000    
Bandwidth_MHz = 1.500000    
Video_av = 500.000000    